segments: TP, FN, FP, TN
[2551, 77, 100, 2897]
F-1 = 0.96647
F-B = 0.969
SEN = 0.9707
SPE = 0.96663
BAC = 0.96867
ACC = 0.96853
PPV = 0.96228
NPV = 0.97411

